Medias:
[ 0.487  0.494  0.501  0.504  0.508  0.508  0.506  0.509  0.506  0.51
  0.511  0.506  0.51   0.512  0.511  0.509  0.505  0.509  0.502  0.508
  0.509  0.509  0.504  0.508  0.513  0.509  0.505  0.506  0.508  0.506
  0.506  0.507  0.508  0.512  0.516  0.516  0.518  0.515  0.511  0.507
  0.506  0.508  0.508  0.512  0.518  0.524  0.523  0.518  0.517  0.512
  0.516  0.516  0.516  0.514  0.521  0.52   0.524  0.53   0.529  0.535
  0.537  0.528  0.54   0.546  0.539  0.526  0.544  0.53   0.535  0.538
  0.55   0.57   0.565  0.561  0.559  0.551  0.556  0.562  0.562  0.55   0.55
  0.533  0.548  0.563  0.561  0.569  0.55   0.545  0.543  0.549  0.559
  0.566  0.559  0.553  0.548  0.552  0.546  0.545  0.558  0.561  0.558]

[ 0.198  0.272  0.304  0.325  0.341  0.39   0.414  0.424  0.433  0.44   0.45
  0.468  0.474  0.482  0.486  0.49   0.492  0.502  0.506  0.513  0.523
  0.525  0.535  0.548  0.548  0.553  0.574  0.576  0.571  0.562  0.569
  0.566  0.568  0.58   0.583  0.561  0.563  0.573  0.578  0.572  0.566
  0.575  0.578  0.569  0.571  0.563  0.56   0.565  0.567  0.57   0.571
  0.566  0.585  0.572  0.574  0.585  0.591  0.597  0.585  0.581  0.591
  0.574  0.579  0.578  0.587  0.578  0.582  0.6    0.595  0.592  0.599
  0.606  0.609  0.602  0.609  0.598  0.6    0.609  0.597  0.579  0.563
  0.583  0.578  0.583  0.588  0.587  0.586  0.59   0.585  0.594  0.593
  0.59   0.6    0.604  0.614  0.615  0.621  0.631  0.626  0.618  0.613]

[ 0.497  0.495  0.5    0.496  0.5    0.498  0.503  0.5    0.499  0.505
  0.504  0.5    0.499  0.502  0.503  0.504  0.505  0.503  0.505  0.508
  0.506  0.505  0.507  0.51   0.509  0.507  0.508  0.51   0.511  0.511
  0.51   0.511  0.514  0.506  0.506  0.504  0.511  0.513  0.51   0.506
  0.507  0.51   0.511  0.511  0.511  0.51   0.513  0.513  0.514  0.512
  0.51   0.513  0.516  0.516  0.52   0.521  0.52   0.518  0.521  0.521
  0.522  0.518  0.518  0.52   0.523  0.522  0.519  0.522  0.519  0.521
  0.52   0.524  0.524  0.526  0.524  0.524  0.524  0.523  0.522  0.526
  0.525  0.526  0.523  0.524  0.525  0.524  0.524  0.523  0.526  0.522
  0.523  0.526  0.525  0.528  0.531  0.528  0.527  0.524  0.525  0.525
  0.526  0.526  0.523  0.521  0.525  0.529  0.53   0.53   0.528  0.528
  0.528  0.531  0.528  0.525  0.525  0.525  0.526  0.524  0.523  0.52
  0.519  0.525  0.524  0.529  0.528  0.526  0.522  0.522  0.524  0.527
  0.527  0.527  0.525  0.524  0.522  0.527  0.53   0.528  0.523  0.528
  0.526  0.526  0.528  0.53   0.532  0.536  0.536  0.538  0.537  0.538
  0.535  0.534  0.536  0.534  0.536  0.538  0.536  0.533  0.54   0.535
  0.536  0.537  0.537  0.539  0.537  0.534  0.533  0.532  0.532  0.533
  0.533  0.536  0.537  0.537  0.538  0.539  0.54   0.539  0.537  0.541
  0.543  0.541  0.539  0.542  0.541  0.541  0.541  0.544  0.542  0.542
  0.542  0.544  0.543  0.541  0.542  0.537  0.539  0.541  0.537  0.538
  0.538]

[ 0.228  0.313  0.352  0.389  0.402  0.412  0.436  0.448  0.459  0.476
  0.479  0.5    0.507  0.514  0.523  0.521  0.517  0.523  0.528  0.53
  0.546  0.552  0.559  0.569  0.574  0.58   0.598  0.594  0.598  0.61
  0.617  0.607  0.597  0.596  0.601  0.598  0.598  0.598  0.609  0.615
  0.62   0.641  0.64   0.642  0.643  0.635  0.653  0.665  0.662  0.659
  0.661  0.66   0.666  0.668  0.668  0.67   0.671  0.676  0.674  0.675
  0.669  0.666  0.675  0.663  0.674  0.682  0.688  0.691  0.69   0.696
  0.701  0.699  0.7    0.709  0.701  0.698  0.697  0.703  0.693  0.706
  0.704  0.705  0.709  0.695  0.704  0.701  0.709  0.711  0.713  0.724
  0.721  0.729  0.728  0.724  0.717  0.71   0.714  0.713  0.718  0.713
  0.717  0.724  0.719  0.711  0.711  0.709  0.712  0.71   0.717  0.712
  0.703  0.712  0.715  0.714  0.71   0.71   0.717  0.707  0.703  0.687
  0.688  0.694  0.692  0.702  0.691  0.693  0.698  0.695  0.697  0.692
  0.698  0.702  0.7    0.693  0.69   0.689  0.691  0.705  0.699  0.702
  0.702  0.703  0.7    0.684  0.69   0.702  0.714  0.706  0.703  0.701
  0.694  0.696  0.693  0.7    0.702  0.699  0.691  0.691  0.703  0.715
  0.713  0.707  0.703  0.694  0.706  0.701  0.692  0.692  0.692  0.692
  0.703  0.712  0.713  0.709  0.708  0.711  0.702  0.695  0.693  0.698
  0.703  0.701  0.696  0.691  0.693  0.683  0.682  0.689  0.693  0.692
  0.697  0.698  0.697  0.705  0.71   0.707  0.697  0.694  0.695  0.699
  0.694]


Mejores:
[ 0.508  0.511  0.575  0.575  0.575  0.575  0.575  0.575  0.575  0.575
  0.575  0.575  0.575  0.575  0.575  0.575  0.575  0.578  0.578  0.578
  0.578  0.578  0.578  0.578  0.578  0.578  0.578  0.578  0.578  0.578
  0.578  0.578  0.578  0.578  0.578  0.6    0.6    0.6    0.6    0.6    0.6
  0.6    0.6    0.6    0.6    0.6    0.6    0.6    0.6    0.6    0.6    0.6
  0.636  0.636  0.636  0.636  0.636  0.636  0.636  0.636  0.636  0.636
  0.636  0.636  0.636  0.636  0.636  0.636  0.636  0.636  0.636  0.636
  0.636  0.636  0.636  0.636  0.636  0.636  0.636  0.636  0.636  0.636
  0.636  0.636  0.636  0.636  0.636  0.636  0.636  0.636  0.636  0.636
  0.636  0.636  0.636  0.636  0.636  0.636  0.636  0.636  0.636]

[ 0.511  0.511  0.575  0.575  0.575  0.575  0.575  0.575  0.575  0.575
  0.603  0.633  0.633  0.633  0.633  0.633  0.661  0.661  0.661  0.661
  0.661  0.664  0.664  0.664  0.664  0.664  0.664  0.664  0.664  0.664
  0.664  0.664  0.664  0.664  0.664  0.664  0.664  0.664  0.664  0.664
  0.664  0.664  0.689  0.689  0.689  0.689  0.689  0.689  0.689  0.689
  0.689  0.689  0.689  0.689  0.694  0.694  0.694  0.694  0.694  0.694
  0.694  0.694  0.694  0.694  0.697  0.697  0.697  0.697  0.697  0.697  0.7
  0.7    0.7    0.7    0.7    0.7    0.7    0.7    0.7    0.7    0.7    0.7
  0.7    0.7    0.7    0.7    0.7    0.7    0.7    0.7    0.7    0.7    0.7
  0.7    0.7    0.7    0.7    0.7    0.7    0.7    0.7  ]

[ 0.544  0.544  0.544  0.544  0.544  0.544  0.544  0.544  0.544  0.544
  0.544  0.544  0.544  0.558  0.558  0.558  0.558  0.558  0.558  0.558
  0.558  0.558  0.558  0.558  0.558  0.567  0.567  0.567  0.567  0.567
  0.567  0.567  0.567  0.567  0.567  0.567  0.567  0.567  0.567  0.567
  0.567  0.567  0.567  0.567  0.567  0.567  0.567  0.567  0.567  0.567
  0.567  0.569  0.569  0.569  0.569  0.569  0.569  0.569  0.569  0.569
  0.569  0.569  0.569  0.569  0.569  0.569  0.569  0.569  0.569  0.569
  0.569  0.569  0.569  0.569  0.569  0.569  0.569  0.569  0.569  0.569
  0.569  0.569  0.569  0.569  0.569  0.569  0.569  0.569  0.569  0.569
  0.569  0.569  0.569  0.569  0.569  0.569  0.569  0.569  0.569  0.569
  0.569  0.569  0.569  0.569  0.569  0.569  0.569  0.569  0.569  0.569
  0.569  0.569  0.569  0.569  0.569  0.569  0.569  0.569  0.569  0.569
  0.569  0.569  0.569  0.569  0.569  0.569  0.569  0.569  0.569  0.569
  0.569  0.569  0.569  0.569  0.569  0.569  0.569  0.569  0.569  0.569
  0.569  0.569  0.569  0.569  0.569  0.569  0.569  0.569  0.569  0.569
  0.569  0.569  0.569  0.569  0.569  0.569  0.569  0.569  0.569  0.569
  0.569  0.569  0.569  0.569  0.569  0.569  0.569  0.569  0.569  0.569
  0.569  0.569  0.569  0.569  0.569  0.569  0.569  0.569  0.569  0.569
  0.569  0.569  0.569  0.569  0.569  0.569  0.569  0.569  0.569  0.569
  0.569  0.569  0.569  0.569  0.569  0.569  0.569  0.569  0.569  0.569
  0.569]

[ 0.547  0.547  0.547  0.589  0.589  0.6    0.6    0.6    0.603  0.625
  0.625  0.625  0.631  0.647  0.656  0.681  0.681  0.681  0.708  0.711
  0.711  0.711  0.711  0.711  0.711  0.733  0.733  0.733  0.733  0.733
  0.733  0.733  0.75   0.761  0.761  0.761  0.761  0.789  0.789  0.789
  0.789  0.789  0.789  0.789  0.789  0.789  0.789  0.789  0.789  0.789
  0.789  0.789  0.789  0.789  0.789  0.792  0.792  0.792  0.792  0.792
  0.792  0.792  0.792  0.792  0.792  0.792  0.792  0.792  0.792  0.792
  0.792  0.792  0.792  0.792  0.792  0.792  0.792  0.792  0.792  0.792
  0.792  0.792  0.792  0.792  0.792  0.792  0.792  0.792  0.792  0.792
  0.792  0.792  0.792  0.792  0.792  0.792  0.792  0.792  0.792  0.792
  0.792  0.792  0.792  0.792  0.792  0.792  0.792  0.792  0.792  0.792
  0.792  0.792  0.792  0.792  0.792  0.792  0.792  0.792  0.792  0.792
  0.792  0.792  0.792  0.792  0.792  0.792  0.792  0.792  0.792  0.792
  0.792  0.792  0.792  0.792  0.792  0.792  0.792  0.792  0.792  0.792
  0.792  0.792  0.792  0.792  0.792  0.792  0.792  0.792  0.792  0.792
  0.792  0.792  0.792  0.792  0.792  0.792  0.792  0.792  0.792  0.792
  0.792  0.792  0.792  0.792  0.792  0.792  0.792  0.792  0.792  0.792
  0.792  0.792  0.792  0.792  0.792  0.792  0.792  0.792  0.792  0.792
  0.792  0.792  0.792  0.792  0.792  0.792  0.792  0.792  0.792  0.792
  0.792  0.792  0.792  0.792  0.792  0.792  0.792  0.792  0.792  0.792
  0.792]
